152851893
152914306
153077022
153252291
153259719
154191888
156738394
156769035
156824026
156839408
156874137
156972634
157028089
157122418
157181008
158494973
159805572
160007753
160016372
160507047
160698373
160871497
160958777
161011006
161053656
161054176
161216206
161886389
161896651
162308596
162335017
162395024
162563218
162650204
163198056
163199799
163402809
163447443
163558352
163823440
163842575
163896691
163978204
164763592
166779054
166988694
167437352
167624523
167690174
168609593
168685846
169144013
169186734
169366873
169421225
170331609
170370922
170432350
170450119
170557344
170709120
170737456
171346279
171454943
171744683
171797356
171798023
171856693
171891011
172038358
172112826
172119805
172739613
172872616
172848256
172893440
172894024
173065993
173132804
173667759
173671893
173828827
173929546
174257737
175016068
175016153
175158779
175168118
175723638
175760946
175793181
175806421
175824940
175835393
175842681
176213388
176219516
177033323
177173709
177186853
177270059
177394632
177471921
178331892
178333317
178863274
179129260
179214131
179685095
179804388
180256086
180395197
181380809
181462758
182142550
182199605
182277002
184567481
184820094
184976425
185086094
185689486
185705908
185716845
185798515
185855335
186198526
186211218
186232917
187665058
188943667
189000122
189119575
189131655
189138364
189135260
189236738
189284327
189957309
190241962
190326220
190384569
191373634
191376597
191639182
193677002
194765165
194910268
195120674
195145143
195457480
195523343
195554781
195556089
196258542
196582187
196789751
197930633
198059514
198279638
198415975
